%YAML:1.0
---
camera_matrix: !!opencv-matrix
   rows: 3
   cols: 3
   dt: d
   data: [ 3.6092697116354236e+02, 0., 3.2678077202256594e+02, 0.,
       3.6251267287602548e+02, 2.4564639499450712e+02, 0., 0., 1. ]
dist_coeff: !!opencv-matrix
   rows: 1
   cols: 5
   dt: d
   data: [ -3.7453973144663461e-01, 1.4056379502000027e-01,
       -1.7572505646874310e-04, -4.2373316887950720e-04,
       -2.4107422525295633e-02 ]
